P,700,0,100,-180,-90,180
G,1
P,700,0,300,-180,-90,180
P,500,0,300,-180,-90,180
P,-100,-500,300,90,-90,180
P,-100,-500,200,90,-90,180
P,-100,-950,200,90,-90,180
P,-100,-950,100,90,-90,180
G,0
P,-100,-950,200,90,-90,180
P,-100,-500,200,90,-90,180
P,-100,-950,200,90,-90,180
P,-100,-950,100,90,-90,180
G,1
P,-100,-950,200,90,-90,180
P,-100,-500,200,90,-90,180
P,-100,-500,300,90,-90,180
P,500,0,300,-180,-90,180
P,700,0,100,-180,-90,180
G,0



/////



P,-150,-400,150,90,-90,180
P,-200,-600,150,90,-90,180
P,-220,-600,150,90,-90,180
P,-220,-870,160,90,-90,180
P,-220,-650,160,90,-90,180 /SONA WAIT
P,-220,-730,150,90,-90,180
P,-220,-870,150,90,-90,180
P,-230,-875,145,90,-90,180
P,-230,-875,170,90,-90,180
P,-230,-700,170,90,-90,180
P,-230,-400,170,90,-90,180
P,400,0,300,-180,-90,180
P,800,0,15,-180,-90,180




P,800,0,15,-180,-90,180,//GRIP ON THE CONVEYER
P,400,0,300,-180,-90,180,//WATTING FOR SONA 

P,-230,-400,160,90,-90,180,//MOVE TO SONA
P,-230,-650,160,90,-90,180,//MOVE TO SONA 1STEP
P,-230,-750,160,90,-90,180,//MOVE TO SONA 2STEP
P,-230,-875,160,90,-90,180,//SONA AND GRIP OPEN

P,-230,-875,170,90,-90,180,//OUT
P,-230,-700,170,90,-90,180,//OUT1
P,-230,-400,170,90,-90,180,//OUT2

P,-230,-650,160,90,-90,180
P,-230,-750,160,90,-90,180
P,-230,-875,160,90,-90,180,//SONA IN GRIP OPEN

P,-230,-875,145,90,-90,180,//GRIP CLOSE

P,-230,-875,170,90,-90,180,//OUT
P,-230,-875,170,90,-90,180,//OUT
P,-230,-700,170,90,-90,180,//OUT1
P,-230,-400,170,90,-90,180,//OUT2

P,400,0,300,-180,-90,180
P,800,0,15,-180,-90,180
